%YAML:1.0
---
K: !!opencv-matrix
   rows: 3
   cols: 3
   dt: d
   data: [ 5.0829578464061825e+02, 0., 2.9712229671871000e+02, 0.,
       5.0906991724513654e+02, 2.5905594368782283e+02, 0., 0., 1. ]
D: !!opencv-matrix
   rows: 1
   cols: 5
   dt: d
   data: [ -9.1076702421249087e-02, 9.6207997797120595e-02,
       8.8272685551512940e-03, -6.9791357611722980e-03,
       5.1430665026353482e-02 ]
