%YAML:1.0
---
K: !!opencv-matrix
  rows: 3
  cols: 3
  dt: d
  data: [ 5.2158586975455262e+02, 0., 3.0521559371682957e+02, 0.,
          5.2097747703349614e+02, 2.3884550444333337e+02, 0., 0., 1. ]
D: !!opencv-matrix
  rows: 1
  cols: 5
  dt: d
  data: [ -1.0863339480889371e-01, 2.6961198837480782e-01,
          -1.5507502837666281e-03, -1.0163063275791392e-03,
          -1.7710786329646050e-01 ]