%YAML:1.0
---
K: !!opencv-matrix
   rows: 3
   cols: 3
   dt: d
   data: [ 5.1645356183649437e+02, 0., 3.2184459124359631e+02, 0.,
       5.1570002134194078e+02, 2.3481640437654235e+02, 0., 0., 1. ]
D: !!opencv-matrix
   rows: 1
   cols: 5
   dt: d
   data: [ -6.3948393057015246e-02, 2.5687438351819053e-01,
       -3.7939702333603456e-04, 8.4578183760778466e-03,
       -2.0309643291938759e-01 ]
