%YAML:1.0
---
K1: !!opencv-matrix
   rows: 3
   cols: 3
   dt: d
   data: [ 5.0829578464061825e+02, 0., 2.9712229671871000e+02, 0.,
       5.0906991724513654e+02, 2.5905594368782283e+02, 0., 0., 1. ]
D1: !!opencv-matrix
   rows: 1
   cols: 5
   dt: d
   data: [ -9.1076702421249087e-02, 9.6207997797120595e-02,
       8.8272685551512940e-03, -6.9791357611722980e-03,
       5.1430665026353482e-02 ]
K2: !!opencv-matrix
   rows: 3
   cols: 3
   dt: d
   data: [ 5.0109648466490250e+02, 0., 3.2038558562627196e+02, 0.,
       5.0173906050139470e+02, 2.6653529068030588e+02, 0., 0., 1. ]
D2: !!opencv-matrix
   rows: 1
   cols: 5
   dt: d
   data: [ -2.7134693481047528e-01, 1.2361522053326046e+00,
       1.2415089638880883e-02, 4.0960586976558633e-03,
       -2.0778331207024481e+00 ]
R: !!opencv-matrix
   rows: 3
   cols: 3
   dt: d
   data: [ 9.9902369514876266e-01, 1.0663497716801571e-03,
       -4.4164685320701315e-02, -2.7594300856849346e-03,
       9.9926276652837942e-01, -3.8292414074483562e-02,
       4.4091292529413899e-02, 3.8376898366255803e-02,
       9.9829012395939865e-01 ]
T: !!opencv-matrix
   rows: 3
   cols: 1
   dt: d
   data: [ -8.3764077333989037e-02, 8.1576382298087036e-04,
       -1.2061032334845560e-02 ]
E: !!opencv-matrix
   rows: 3
   cols: 3
   dt: d
   data: [ 2.6865058647709221e-06, 1.2083447023431419e-02,
       3.5252292363352456e-04, -8.3559906532767615e-03,
       3.2017442035131992e-03, 8.4153522842803821e-02,
       -5.8382627370798137e-04, -8.3703193542025392e-02,
       3.2435566863781335e-03 ]
F: !!opencv-matrix
   rows: 3
   cols: 3
   dt: d
   data: [ 3.0542344624820871e-09, 1.3716537553856197e-05,
       -3.3505451987187584e-03, -9.4875913293318673e-06,
       3.6298086413614801e-06, 5.0446272690768020e-02,
       2.1952014273084854e-03, -5.2974120291871943e-02,
       9.9999999999999989e-01 ]
R1: !!opencv-matrix
   rows: 3
   cols: 3
   dt: d
   data: [ 9.9509001197381297e-01, -3.1072877823134556e-03,
       9.8925289145872675e-02, 5.0036404668805960e-03,
       9.9980834365581395e-01, -1.8927216866084999e-02,
       -9.8847517176886265e-02, 1.9329271037871631e-02,
       9.9491484441087208e-01 ]
R2: !!opencv-matrix
   rows: 3
   cols: 3
   dt: d
   data: [ 9.8974618304670148e-01, -9.6389664371708747e-03,
       1.4251169590776924e-01, 6.9008153642875136e-03,
       9.9978221310913695e-01, 1.9695306494298619e-02,
       -1.4267050112687421e-01, -1.8509907525955969e-02,
       9.8959714603043758e-01 ]
P1: !!opencv-matrix
   rows: 3
   cols: 4
   dt: d
   data: [ 2.3194856231024133e+02, 0., 2.2992878913879395e+02, 0., 0.,
       2.3194856231024133e+02, 2.7115514755249023e+02, 0., 0., 0., 1.,
       0. ]
P2: !!opencv-matrix
   rows: 3
   cols: 4
   dt: d
   data: [ 2.3194856231024133e+02, 0., 2.2992878913879395e+02,
       -1.9630242221349260e+01, 0., 2.3194856231024133e+02,
       2.7115514755249023e+02, 0., 0., 0., 1., 0. ]
Q: !!opencv-matrix
   rows: 4
   cols: 4
   dt: d
   data: [ 1., 0., 0., -2.2992878913879395e+02, 0., 1., 0.,
       -2.7115514755249023e+02, 0., 0., 0., 2.3194856231024133e+02, 0.,
       0., 1.1815878769849364e+01, 0. ]
